7585969503461297421
7585413977027382558
7584813108716162317
7585537670374247694
7254391202781367595
7585894732748819734
7582925876539493663
7584793129526627615
7585889244137213214
7586355873656737038
7584814485316193567
7583340261233806647
7586352900734061838
7254389264799059246
7586645078056160534
7582203076291955998
7584481041105030430
7586637169062743327
7586690844946631991
7586952430160596255
7553671765440859447
7586687379029626167
7254387621705731374
7587015723340270870
7580693247031397663
7587017957897817375
7587381572676898079
7587076665596120350
7587026555545718046
7586978525064760589
7582779552435424526
7587629902921256205
7587746852762570014
7585989787207879991
7587458353056468279
7574875980653759774
7569626538262482231
7587539871141481742
7588077234980670750
7577376318795402551
7587541010482253111
7253872614492359979
7588124603315195158
7586637131276094750
7587780865053314335
7587746006477851934
7588210099169037598
7589253361992584478
7589219125923237134
7581672990870342926
7589483516761476365
7589598245559618847
7585607682422246711
7588563835263388942
7572624822920842526
7566344293808459063
7587070382906035469
7589203385350442270
7550710356692208909
7590412603973831991
7253870158664535339
7589969097325137174
7582184795862486303
7583601567551474975
7589237618513104158
7583676716007165215
7591101655341436190
7591122448020557111
7589919705184423181
7589931824785280286
7585206548419349774
7591530417224715534
7571870010201738527
7565595710209445133
7591885280852856119
7591028370054352158
7544404629711293709
7591884946306845965
7253865958316592426
7592217642388196630
7579215759252000030
7592286104456269087
7592570526057418014
7582961173063093534
7592225899433495838
7591767117834292535
7592830162794761486
7592948183005777182
7593032289446120718
7571494979210677535
7563735723510074637
7592279064686202126
